,T152_dist,T153_dist,T019_dist,T018_dist,T156_dist,T157_dist,T154_dist,T155_dist,T013_dist,T012_dist,T011_dist,T159_dist,T017_dist,T016_dist,T015_dist,T014_dist,T151_dist,T080_dist,T081_dist,T082_dist,T083_dist,T084_dist,T085_dist,T086_dist,T088_dist,T089_dist,T158_dist,T149_dist,T148_dist,T009Alt_dist,T145_dist,T144_dist,T147_dist,T146_dist,T141_dist,T143_dist,T142_dist,T903_dist,T092_dist,T091_dist,T090_dist,T097_dist,T096_dist,T095_dist,T094_dist,T099_dist,T222_dist,T138_dist,T046_dist,T128_dist,T114_dist,T027_dist,T025_dist,T228_dist,T229_dist,T900_dist,T224_dist,T225_dist,T226_dist,T227_dist,T220_dist,T221_dist,T028_dist,T223_dist,T044_dist,T045_dist,T129_dist,T047_dist,T040_dist,T043_dist,T048_dist,T049_dist,T031_dist,T030_dist,T033_dist,T035_dist,T034_dist,T037_dist,T036_dist,T039_dist,T236_dist,T235_dist,T233_dist,T232_dist,T231_dist,T230_dist,T054_dist,T051_dist,T050_dist,T209_dist,T200_dist,T206_dist,T062_dist,T063_dist,T060_dist,T061_dist,T066_dist,T067_dist,T065_dist,T069_dist,T135_dist,T054C_dist,T238_dist,T215_dist,T212_dist,T219_dist,T218_dist,T150_dist,T115_dist,T079_dist,T078_dist,T075_dist,T074_dist,T077_dist,T076_dist,T071_dist,T070_dist,T073_dist,T072_dist,T094B_dist,T100_dist,T103_dist,T102_dist,T107_dist,T008_dist,T009_dist,T162_dist,T161_dist,T160_dist,T001_dist,T002_dist,T003_dist,T004_dist,T005_dist,T006_dist,T007_dist,T237_dist,Trap
T152,0.0,7.7789591753,11.6309229229,18.8142603844,8.37727810019,4.5981716779,8.60994383221,9.34909267616,10.3544037287,16.3627596315,14.6163301456,13.7351450316,13.6977131308,20.0207343833,16.8310865893,15.0287851068,10.4666011288,13.2924223981,7.82017022214,7.7055888371,14.573568589,19.6525294278,14.9649348491,17.8454310495,3.04928100007,14.7281930577,18.1920779668,16.9823806631,19.1991898625,20.3070388303,7.99874723291,12.3205610563,9.657964196,12.5270576714,13.3625725949,18.2398923216,12.908239765,21.6822017648,7.78488318323,5.86763844138,4.76525577801,24.2452901543,13.0937913394,15.7949313686,14.5348888405,18.2742390389,9.1442108901,17.1643278616,7.15965004991,20.0887357047,5.53618610138,15.4595913843,15.0828112676,11.7858460491,12.0970356161,20.3137571016,11.8435570604,11.4856630701,7.75872046104,16.1970047762,13.265436512,25.4795882667,15.8140965487,15.9945174591,4.2399850497,9.35616377461,10.0140470131,2.96085086537,0.79009576159,2.16671560772,5.6463641705,7.53100931827,6.31082031805,5.9107177615,6.8455546466,9.40668756068,2.45771900229,10.6021337996,1.47587017973,7.36206564049,17.1308708192,10.7053898371,19.7083112431,8.40220050012,16.2416294915,7.25712362644,10.944748427,4.91737549656,8.34845106138,18.3123663397,22.7204705675,18.7927198967,5.05450448429,2.42952232912,4.05033406138,5.85113597758,8.34690853005,9.94544336586,8.10975069119,9.18414744364,20.4783135189,11.1870866015,10.3322622082,23.4468760724,23.7214514344,13.8785541662,11.4146883314,18.1873435318,21.4911056715,15.5085766851,9.37358251531,12.0220484037,4.89544608465,13.1094720709,10.0795056922,8.75380642464,8.64727909879,12.5343700621,10.9798220741,14.6368684425,20.9268583988,21.82528143,14.056564859,17.0350163928,18.7471099044,17.0921739236,15.8509540242,14.5305853148,6.7414539835,12.0572023333,13.9650043178,13.5781146977,13.2402924659,11.7811238275,17.3747219977,17.129531956,12.041498539,T152
T153,7.7789591753,0.0,6.97678620202,14.0444904153,15.0882210122,11.9163052956,1.41908411168,14.6970921916,2.69795152212,9.38572577479,7.24510005959,21.4981597387,6.0425166341,12.2938337554,9.08527498886,7.31328111434,3.41643880214,20.966817199,14.5960757488,15.1543734222,22.1229410035,27.4298021519,22.7148781478,25.3660310709,6.85221249268,22.4755002103,25.4068292504,12.3510127025,13.6224797527,12.6604661503,11.3365211196,4.5813737755,5.71581916272,7.41324277945,6.0158018262,10.5695052676,5.21928088661,15.1364491428,11.8348209482,10.5563548216,8.93793156971,31.9940311766,20.7250196582,23.0978657145,22.2091864509,25.7679726281,2.29128102705,24.8461632765,8.99544346851,27.7796068953,12.2774567419,8.98878229127,8.00373657699,5.74137733682,19.8681835613,13.065508294,8.60850140991,18.4253048612,15.4348222928,23.9262377904,8.47829175072,33.2134579959,10.596677442,8.21794003879,5.354379908,7.96625511218,12.4946376987,6.92139063266,6.99383099201,7.80840618705,9.91349523468,8.83485945952,11.80486774,3.76756011751,4.92143740229,16.0761796626,9.38322306685,3.21191313326,8.26812244214,2.86381688413,9.71309942636,18.3226662377,11.997339118,7.70125820774,11.8281526726,0.548213800198,10.7758646448,10.9844395326,5.66450058409,25.6936357316,30.4600305625,26.184076468,12.5614378613,9.55474751804,11.6246610695,13.6251445617,15.8618471503,16.5386436307,14.3999651674,16.917143615,27.4780480966,10.7213651822,17.7156076147,31.0868883049,31.3923799283,9.71539540812,5.15164970613,13.0792762792,29.2678583194,22.7249680416,17.140672925,18.8740246126,12.2822893398,20.3538064563,17.3646958452,14.0957337531,12.612788714,19.9783938862,18.4104937099,22.2860218958,28.4034759539,29.4129891078,21.7148185951,24.6917927516,11.2821603908,9.31375050015,23.6174860545,22.1425615591,6.03184878619,5.58457129141,6.19448678776,6.29902786599,6.21187347546,4.04157918001,9.66546616331,9.73720078183,19.5311663764,T153
T019,11.6309229229,6.97678620202,0.0,7.37502258628,19.9785854146,14.0114903468,5.64236561922,20.4290796345,7.74616761548,6.12997496719,11.121099898,24.4489129831,6.62005940127,11.597321632,10.7900685146,7.74358261568,9.23052149767,22.8272983374,15.4135948387,16.9151760151,23.5010485677,29.7742635108,25.7329538029,29.1339362991,8.97777417863,25.5188006056,29.726528052,5.57563816294,7.56851143246,14.4055217939,9.79123405367,8.04817016955,1.97692677607,0.998461467749,5.26425123145,9.72211623293,6.48805744562,19.2498700066,10.7130536341,10.5637549245,9.45814686742,34.8209891426,24.2923078145,27.3011915093,25.6031107585,26.7972319616,4.81824019643,26.5439633533,7.47350550814,29.4073541245,17.1026441066,4.61457648181,5.43366321087,2.21137883465,22.3743186965,16.1268440033,2.25160110203,23.1157178792,17.7299745683,25.9026912219,1.66622857183,34.9335692828,4.18628290698,9.20984654115,7.41987248902,4.1061875237,9.7108099518,9.08509557775,10.9502870856,10.2815267436,9.89982973637,6.94566439981,17.3484955167,5.82726662902,4.80902885841,21.0092307007,11.8284410512,8.61174706692,12.7953583731,4.83038500413,7.79329340292,20.1666913691,11.2022796417,4.84735990166,4.95098193168,6.96668068162,6.30409214096,12.0163540912,3.40773872751,26.4446747515,32.2870470266,26.9346660465,16.6155947572,14.0070173383,14.1932880983,16.6040043891,19.8152463409,21.537756786,19.5899120907,20.2420102912,32.076995793,6.00133307586,21.8555588759,32.3906515472,32.8173254655,2.73970821184,2.67273948196,6.60923840612,31.8043552122,23.301740465,19.7595824324,19.176075516,14.4019339834,21.1650141188,18.5436295458,19.8114043198,18.8216555831,21.2361876581,22.4619216573,25.7631967239,29.273028486,30.5789752605,23.4695293375,26.2919901806,9.24320712474,10.1084844417,25.8994767348,25.7334993212,5.27483598084,2.96857001777,8.49634458678,5.14945128008,4.36918710903,6.50181972441,9.31538873352,7.71338584394,23.4553410961,T019
T018,18.8142603844,14.0444904153,7.37502258628,0.0,27.1915175666,20.521971091,12.6328995016,27.7839477147,14.0195445409,7.33196534775,15.8758955234,30.865938327,11.0037405146,12.3412717619,14.0374639538,11.3194929854,15.5077613386,28.7269769738,21.1883640505,23.0706543512,29.0856376425,35.7305282273,32.1495763251,35.8348755905,15.9643147343,31.9529687981,36.6496414778,1.83209357001,2.2565885131,16.7164304097,14.9520766579,13.4706988735,9.25722493283,6.69211872775,9.73661202668,11.0974053715,11.4223606509,22.9792726254,15.9586626367,16.5067831049,15.8318282023,40.9545446393,30.9928220929,34.2080009605,32.1996457966,32.0167071386,11.7596492451,32.2063419295,13.2799611748,34.9338167664,24.3392053449,6.17816441557,8.11560271516,8.33227312995,28.6369005508,19.2952872205,7.06793671471,30.2393864939,24.093040243,31.7543931852,5.71617719845,40.3794293733,3.46973922985,12.4916963893,14.5753410248,9.88188572039,13.9079081724,16.0695907357,18.1809045551,17.2295790134,15.9481241732,12.7035275571,24.6958542307,13.1628969263,11.9877875644,28.2207211143,18.6368445166,14.8136782416,20.0599561771,12.1944291036,9.15551786628,26.1790280724,11.9914759416,10.8912989127,2.59254028259,14.1397685513,10.1439174049,18.2554340782,10.4688258763,31.4858979488,37.8643798821,31.955130806,23.6753802369,21.2288425852,20.8753174746,23.309692063,26.763079676,28.7595423095,26.8697684769,26.9465153974,39.0842349915,9.71595635567,28.8239429074,37.615405674,38.114118675,4.93856256494,8.94540938235,1.20509760722,37.8265951677,28.3705770557,26.1769726237,24.3185353834,20.893752424,26.5111915813,24.2793809218,27.1665024152,26.19355854,26.8581172224,29.3881914236,32.3937636089,34.2891915398,35.7607546495,29.2817867878,31.9026964177,9.56887510857,12.8480983989,31.9260315884,32.4147135864,12.1372750656,8.66110801507,13.042652407,9.4157589189,8.88282061338,12.1187671026,11.3767686797,9.01747632701,30.3160801092,T018
T156,8.37727810019,15.0882210122,19.9785854146,27.1915175666,0.0,8.40394617162,16.2507513264,3.24659045296,17.1921277899,24.3123949448,20.6122558012,8.71011534757,21.1045998526,27.1996037875,23.4524510675,22.3064697532,16.716027699,10.734113735,10.7669606755,8.73474784289,12.5500685749,14.7282568785,9.53102665096,10.76753234,11.3006617346,9.28985859191,10.382915447,25.3596552411,27.5383363394,26.4586816812,14.8471808838,19.1513679615,18.0134891509,20.8502847461,21.0698434318,25.5783722065,20.2695926031,25.9426969003,14.2016729288,12.4901141866,12.2005445695,18.1629717234,6.89948145516,8.19154686974,8.43417499813,15.9151407969,16.9489376298,13.8246697483,14.9392242588,16.3382148885,2.88684837348,23.5885565491,22.9680651674,19.9446913479,8.5880162224,25.6745801514,20.2047512274,3.35072874141,7.48614629019,12.5463639712,21.6244934449,20.9571630764,24.16486572,22.989495322,12.6168540937,17.6276673439,16.9195379131,11.1997321207,9.02966435346,10.1159568562,12.6656653963,15.4189139985,3.72962225301,14.1845480645,15.2167351396,1.03070456868,9.04199208587,17.1146086379,7.19733843761,15.4928255706,24.7987333061,9.37354165978,26.9379287038,16.6405891791,24.617685299,14.6662022478,18.8383528921,10.6834013183,16.7250987222,16.4405752255,18.2952970588,16.8160732664,3.88137925473,5.97254940349,7.56970699224,5.92913016859,3.06971549834,1.57067880362,1.19233002579,5.11439328174,12.3902438021,19.142342235,3.46503709391,19.7854188205,19.8335789063,22.255385414,19.5101149204,26.5565795094,16.0492814748,14.7092354901,7.02594341299,13.1461207332,8.2364922845,12.7542550824,10.5699236841,3.17338776288,5.53211075471,11.539423627,4.15976677234,8.35838531631,18.3406867734,18.6008951126,11.4482371096,13.9065321377,26.3700461497,24.0212834386,11.685931574,8.04970730708,15.0946044147,20.1168532832,20.8407996565,21.3321604169,21.1252006696,19.0610559225,24.6357519992,24.8197983959,5.2842740913,T156
T157,4.5981716779,11.9163052956,14.0114903468,20.521971091,8.40394617162,0.0,12.4675787842,10.7428278286,14.5921829479,19.5402188261,19.0110695269,10.4414645258,17.5022056357,23.8263363575,20.9838373236,18.8821241002,14.8885284645,9.134881061,3.35166735573,3.23830036893,10.2085075847,15.8925985841,11.7269492236,15.3157062171,5.35161114716,11.5160999333,16.2801465884,18.7437967123,21.3607569816,24.5747281927,6.60510399792,16.4946741436,12.1068476085,14.9971533668,16.9248532649,21.9723160147,16.7719909475,26.2606304059,5.85840617295,4.34070693823,4.6902732552,20.8321753927,10.480912045,13.8417215106,11.6824393163,13.8556165788,12.8144099524,12.9984467383,7.33531185139,15.9313196344,6.4682558304,18.3690320537,18.3858262359,14.7860232618,8.38847091774,24.7729574089,13.4940707047,10.5815366294,3.74123309503,12.1678267142,15.4809262697,21.4184368079,17.9964125968,19.9904904962,7.08759871066,10.6417384269,8.62058169683,5.25461345896,5.23902973715,4.16318290509,4.71841249342,7.89510183697,8.37385049036,9.10617104461,9.39880310872,9.26853393982,2.53511350078,14.9473303931,5.24954787177,10.7273183908,20.6144016028,6.45468533763,23.4865185324,9.63628203183,17.9450066259,11.3705064375,11.0840799098,2.43998034589,10.618157353,13.8179612976,18.6883081819,14.3045928926,4.59992893661,4.86580282313,0.929443628659,2.912867201,6.70089499583,9.8154853786,8.7850681415,6.45788045802,18.8225585538,11.4481846726,8.70462020626,19.1898605918,19.5152803189,15.6981778929,14.5573847129,20.132525909,17.8693808784,10.9427222634,5.74809368513,7.43839511234,0.393964432031,8.54502870017,5.51664919513,10.2789125053,11.2291686095,8.06964215152,9.14834587278,11.8722416837,16.4965577543,17.4998873798,9.85797624896,12.8192185124,22.2349199713,21.0982605501,12.0137421143,11.8956493026,8.73862321118,15.229387105,18.071553774,17.0847330607,16.6107554389,15.7399895114,21.1799655092,20.5909634336,9.94115339248,T157
T154,8.60994383221,1.41908411168,5.64236561922,12.6328995016,16.2507513264,12.4675787842,0.0,16.0031060887,2.78373678929,8.09803469738,7.26193792618,22.3353918241,5.09375839434,11.429717268,8.59426153962,6.44576123115,3.99617883001,21.5882691293,14.9318634496,15.6945682716,22.6575677616,28.1807685929,23.5716861806,26.37288282,7.20614387425,23.3358298868,26.5113202796,10.9500542721,12.2065328719,12.2896558887,11.1004101646,4.25342179145,4.56890520467,6.02428128976,4.82824835412,9.63148654182,4.32362283206,15.4042768158,11.7018763364,10.6161854465,9.03836810505,32.8503137301,21.6747954993,24.1745635807,23.1342105557,26.2566446205,0.873749920904,25.4606128818,8.65841038476,28.3948653895,13.4060151507,7.61016356796,6.73250133024,4.32266667175,20.6083489092,13.0211362394,7.40350811633,19.5695227166,16.0887149425,24.5897277921,7.09898124252,33.8663048398,9.18111288855,7.52400819116,5.54987833023,7.11229221349,12.0465303531,7.28987951525,7.82036026325,8.30626368208,9.94275009679,8.41311253648,13.0651267744,3.65232725899,4.42024371501,17.2521079585,9.94066307593,3.5560376782,9.27241154573,2.25157241891,8.58634615867,18.9180254028,11.1091818662,7.00648244263,10.4417698843,1.64431624526,9.95526577139,11.2803620618,4.80517774299,26.1270311338,31.1241688859,26.620096242,13.5384113988,10.5694814532,12.2715355428,14.3948162519,16.852561233,17.7286732599,15.6126587377,17.7939793975,28.6351121229,9.85418418531,18.7552476453,31.6528347708,31.9827863901,8.37083878597,3.73282956974,11.6617498154,30.0619025599,23.104640892,17.8795115415,19.1639249427,12.8468833409,20.761141239,17.8152070463,15.3969047016,13.9832864325,20.4718882738,19.4377889288,23.2269760252,28.8739459127,29.9457346065,22.320888644,25.286365363,10.1862644172,8.63186865722,24.3383712987,23.1039851968,5.58126818709,4.17748869395,5.67560294758,5.08249459387,4.90609080355,3.27651773101,8.77908782146,8.59763011659,20.5411383042,T154
T155,9.34909267616,14.6970921916,20.4290796345,27.7839477147,3.24659045296,10.7428278286,16.0031060887,0.0,16.4188253613,24.0817168265,19.2825351899,11.7498228309,20.5115210452,26.3188005295,22.3346259772,21.595093107,15.6816992545,13.9737366984,13.5079004972,11.6712356354,15.7933788334,17.5970048468,12.443075337,12.9356247523,12.3980945924,12.2118106666,11.9549546222,25.9618195566,27.8691839541,25.0404624457,16.7695021779,18.2843047859,18.5273895468,21.2142878485,20.6953207196,24.8317831272,19.6724001358,23.8015466507,16.2603096592,14.4190957478,13.8074461467,20.5814456131,9.74499898021,10.1339508545,11.2056735719,19.1261577717,16.7905233384,16.9774530169,16.4223971079,19.4022328936,4.29819060058,23.5738839457,22.7008264068,20.0408631084,11.8115490148,23.9343960279,21.0012844257,5.36491181128,10.5234962303,15.6853900829,22.0952993859,23.810889501,24.5706447253,22.0882366326,13.3914034926,18.663938999,18.8601828124,12.3099191441,9.81285099084,11.4017636978,14.4590011011,16.8355216435,3.09746907199,14.6213991576,15.8657550204,3.33675045768,10.7210865786,16.1816968571,7.92229000952,15.6928438147,24.3077354707,12.5904396152,26.0942050725,17.7316064243,25.2669484204,14.361612134,20.268292834,12.7696828964,17.3978131906,19.6723374196,21.2084691454,20.0417688483,6.19438519037,7.00641709189,9.83245669252,8.70436364603,6.31232067374,3.33653576052,2.21162633556,8.36069278586,13.4689414174,20.5241466135,6.45031002503,22.8191793115,22.8291755876,22.9079670062,19.5393031368,27.0327751869,18.7448978291,17.9502741292,10.2478238141,16.2427660027,10.6626991744,15.965143067,13.6673246699,0.617681734755,2.85781187817,14.7683238876,7.06138321766,11.0701553283,21.5173226381,21.7088676106,14.681106622,17.0789276363,25.8149260809,23.0562646933,14.7753955701,10.7013724038,15.979593332,20.0904281343,19.9359754521,20.9883591769,20.8996159856,18.4548884001,23.857571282,24.3464456476,8.0692233498,T155
T013,10.3544037287,2.69795152212,7.74616761548,14.0195445409,17.1921277899,14.5921829479,2.78373678929,16.4188253613,0.0,8.16202241197,4.5763485396,24.004568155,4.15499869693,10.0074875343,6.48307977593,5.17650872723,1.50920835367,23.6070261174,17.2938879331,17.8284028434,24.7925034404,29.9926150844,25.2017897965,27.6806724883,9.54773712055,24.9597407955,27.569934688,12.5034364353,13.1732202683,9.98550039977,13.8326143091,1.99151524616,7.10698015601,7.84520614515,4.71264911037,8.42622022225,3.33609047544,12.6326613542,14.3938207951,13.1986247238,11.5897502924,34.4676222653,23.122924275,25.3152637093,24.6303313148,28.4475120979,3.22294323859,27.4857931351,11.4155567845,30.4168362009,14.4718765685,8.25671001696,6.79420770451,5.88240055625,22.4485575114,10.3909127924,9.77137250219,20.5428197049,18.0692619009,26.5441270341,8.9326077618,35.8298707,10.5705411553,5.80660580943,8.0181860182,9.83443586241,14.8269747938,9.6179286784,9.58066230001,10.501217266,12.5432593081,11.1868695781,13.7126169263,6.28936019129,7.19447516059,18.1445726489,12.0628952628,0.866538719349,10.6892943781,5.02241541273,7.9775014747,20.9759611283,9.7491144134,9.77914195261,12.1291077839,3.24559557323,12.6766351817,13.6790321615,7.54719068796,28.3835406786,33.0722719839,28.8734739403,14.9672376386,11.9461172997,14.2712951147,16.2032323569,18.2308379842,18.5728359026,16.3999582295,19.4016080004,29.5339552673,12.5520291747,20.0107429604,33.7418049242,34.0379331066,10.3350972401,5.26959962697,12.9302468833,31.7973858787,25.4211866327,19.7274432209,21.5706194666,14.954113668,23.0481646286,20.0548803734,15.8420924473,14.062929221,22.6594997986,20.719711169,24.6895227633,31.0861288007,32.0795126626,24.3605173458,27.3395525442,9.42412567,6.86327914952,26.2040329823,24.5229115494,8.35268386158,5.39610887291,3.67863013821,5.05112055351,5.30294617467,2.17198730189,7.46405507861,8.03279218436,21.8592188886,T013
T012,16.3627596315,9.38572577479,6.12997496719,7.33196534775,24.3123949448,19.5402188261,8.09803469738,24.0817168265,8.16202241197,0.0,8.7719024198,29.8498516716,4.23326651111,5.77436982582,6.70550162975,4.11883057223,9.45277418216,28.5743590467,21.3115795982,22.6121536085,29.3744849847,35.4297119341,31.1183341565,34.2046533698,14.2364740983,30.8922637143,34.4944051318,6.56866390577,5.69237194895,9.57770592793,15.9038163912,6.9359288057,7.65700545001,5.21053368255,3.47035618113,4.09621118799,4.92095703996,15.6541568503,16.8072248229,16.5003594207,15.2368715347,40.3345949762,29.4258898525,32.1248417579,30.8278266505,32.7630212572,7.36479991412,32.363229631,13.5314767447,35.2605130903,21.4477742607,1.70599585573,1.39141375947,4.76211499932,27.91766232,12.0064572755,7.95485271373,27.6098825299,23.2794161645,31.6431900629,5.49702066941,40.7883540957,4.7650614687,5.17333480916,12.5175828073,10.2358962683,15.8143467065,14.3396184746,15.5948363877,15.5144363897,15.8160601637,13.0261682526,21.1624269698,10.5543803455,10.1570639344,25.3217729842,17.1570893485,8.76471862065,17.2248528805,9.01062810131,1.99868771771,25.8893858879,5.37807148173,10.9383230628,6.71422133724,9.7288705492,12.2528732068,17.7814748912,9.12972575371,32.455756701,38.1043897981,32.9480528455,21.4035753327,18.5165937299,19.5662655702,21.8836416713,24.7080016254,25.806755396,23.7032550556,25.4404864393,36.6767107254,11.9000253632,26.6721445816,38.3284780374,38.7316350537,6.57558014816,4.99827156243,6.12816993803,37.4076270928,29.3229042364,25.2307594065,25.2083184978,19.934067118,27.1334063835,24.4116943847,23.4790230954,21.957077364,27.1166643147,27.3330943034,30.9513159434,35.2774248054,36.5366367718,29.2508627942,32.1336804038,3.16325128894,5.53237205994,31.5488423597,30.8680311867,10.9711219779,4.33306751065,6.04377450116,3.14578412723,3.19308864403,5.99388193523,4.13540769066,1.8741890649,28.4037310063,T012
T011,14.6163301456,7.24510005959,11.121099898,15.8758955234,20.6122558012,19.0110695269,7.26193792618,19.2825351899,4.5763485396,8.7719024198,0.0,28.0220354966,4.91797489886,7.62547256587,3.31496325039,4.65500790221,4.15125079914,27.9075420651,21.8141127527,22.2323055894,29.1687946795,34.1003652203,29.1754338907,31.3210597318,14.0894717584,28.9295916048,30.9438291921,14.7159266608,14.4477959575,5.85425055719,18.3622850924,3.17539366613,11.0632260152,10.868778181,6.29733371951,6.77117834052,4.71771808403,8.24975139728,18.9508093301,17.7749478774,16.1652155951,38.3767943689,26.9461612832,28.8037404423,28.4845318107,32.8510459262,7.47265816671,31.7759325454,15.9151944434,34.6953784777,18.0913842341,9.69776447736,7.77058614476,8.94130261083,26.6202906264,5.82041056602,13.3432192815,23.922936307,22.3749857796,30.7838657196,11.8478900169,40.04747196,12.7129168394,3.9533184809,12.5900191163,13.9982921208,19.2533098665,14.1555444056,13.8716497718,14.9868443981,17.1192654306,15.6504574133,16.9446125774,10.854570912,11.667170885,21.4897569986,16.5018128612,4.07498069805,14.7264120439,9.50975759722,7.53885522347,25.3160266918,7.52920269349,14.0912794208,14.566665116,7.78623538574,16.7943792287,18.2213874585,11.8036757007,32.8281160193,37.2844041472,33.3153421863,18.8953993366,15.9111700891,18.6221646587,20.4066153213,22.0534183669,21.855911105,19.6809974227,23.4095011982,32.7047158698,16.6131744947,23.6887198357,38.0629926103,38.3328524402,13.301653076,8.44907915071,14.6839020105,35.8294318024,29.9043719581,23.9252969849,26.1011366078,19.3608640146,27.5201898873,24.5093206523,18.7621815332,16.6263859683,27.0758212152,24.4126828806,28.5111773054,35.4984866966,36.4367399298,28.6727867712,31.6508584003,8.38582577217,4.44193534035,30.3745907973,28.3040012837,12.829013583,8.22869352198,2.84541831349,6.57511981318,7.25606246254,4.67292292358,5.8465385519,7.65556124433,25.5718393959,T011
T159,13.7351450316,21.4981597387,24.4489129831,30.865938327,8.71011534757,10.4414645258,22.3353918241,11.7498228309,24.004568155,29.8498516716,28.0220354966,0.0,27.4279589472,33.7554342467,30.4835338213,28.7636523615,23.9087602991,3.88575844195,10.0168155161,7.85189909738,5.42848671241,6.16230232021,1.28653571898,5.45058681448,15.6223464053,1.08882741758,7.4061061528,29.1143878025,31.7860920023,33.8340050909,16.2213231224,25.9905511519,22.531507911,25.4316001457,27.0314493396,31.9664562157,26.6425107174,34.1770036937,15.2584836416,14.3785397046,15.0896284327,10.5172506889,2.3156785644,5.50499539051,1.91495164867,7.81135599904,22.8267468176,5.37904482486,17.5882903029,7.65243781426,10.2790715782,28.7530042032,28.6390734165,25.1275508738,2.41321893331,33.4763729371,23.8911820651,6.88477258807,6.77514567139,4.07023670912,25.9215332007,12.3422220028,28.4314689326,29.7152764974,17.3328387853,21.019357452,17.8655801808,15.5179168949,14.5249839843,14.3363400448,14.9187439849,18.163817873,12.1275063285,19.3050671109,19.7806123166,8.41317062402,12.7018900017,24.1520399748,13.3306264002,20.8870462256,30.7829355288,5.18014727933,33.4413311969,20.02648048,28.3091193106,20.9843439419,21.0640218862,12.6126877165,21.0493663718,8.59325443116,9.63227444122,8.85485077795,9.13246173503,12.1139675737,10.2960755895,7.97566495421,6.17427089442,8.4836214158,9.9024453731,4.61393444514,10.0506321502,21.4649475022,5.30164216204,11.0810786964,11.1238140879,26.1024414883,24.8515814402,30.5310272995,7.80790799732,8.08939674132,4.70159072099,9.09161765322,10.0535683422,7.30694727944,7.41676099761,11.8230734358,14.241987299,6.03108730607,4.70359654596,2.25748708861,9.93691903711,9.97555420355,4.16308118011,5.5672750167,32.4055040967,30.8078688218,3.05145917363,2.61857271732,19.1741933059,25.5178950163,27.6573810468,27.2262142271,26.8232784194,25.5148285817,31.1083981589,30.7722726325,3.85695215798,T159
T017,13.6977131308,6.0425166341,6.62005940127,11.0037405146,21.1045998526,17.5022056357,5.09375839434,20.5115210452,4.15499869693,4.23326651111,4.91797489886,27.4279589472,0.0,6.33921445845,4.21268043857,1.39458714035,5.29558842064,26.635765702,19.7971285297,20.7113238714,27.6531672451,33.2682825494,28.6621799103,31.4013832375,12.1796116735,28.4257607592,31.442959446,9.79954569336,9.72254643487,7.92869151334,15.2602300326,2.70520059507,7.11954606852,6.17508406692,1.42100952901,4.54440845596,0.840052177804,12.7215944165,16.0180127713,15.2413233,13.7535926185,37.9417949056,26.7364144705,29.1395974703,28.206875971,31.2111505104,4.69072247696,30.5001886907,12.7576802368,33.4321080946,18.3122626109,4.84184960624,2.99999367731,4.41926766299,25.6960167539,9.50726597232,8.86922140765,24.448580719,21.1571123994,29.6527369434,7.06926099728,38.9190231215,7.79563440528,2.73370464851,10.4656186593,10.1343998046,15.7309927472,12.2705098301,12.9076735732,13.3411554855,14.5477615919,12.3678736183,17.7298179383,8.45921742145,8.67735942958,22.0822000922,14.989912039,4.6310002991,14.2945034559,6.84477918005,3.82315446778,23.9567494562,6.01557088358,10.4899847344,9.65290277992,6.510649398,12.7478896937,16.146442634,8.25299917193,31.0340651895,36.1833866127,31.5283828114,18.5817585492,15.5861838956,17.3445157416,19.4879843543,21.889575279,22.5325621464,20.3765028737,22.8794137241,33.4877830445,12.4968896541,23.7563338515,36.6571877167,37.0026196803,8.50534062459,4.08610665327,9.82363218802,35.1548385907,27.9690088694,22.9680918828,23.9522978665,17.8864127321,25.6605444608,22.7629863315,19.9262051137,18.2056532759,25.4434607166,24.4493271714,28.2931007581,33.8084247972,34.9285579876,27.3597849031,30.3152944142,5.30412069258,3.7835412547,29.4203463293,28.1601822885,9.75449534284,3.6551244465,2.07553901305,1.66597269293,2.39465264147,2.05840263408,3.68774717155,3.87784849819,25.566254019,T017
T016,20.0207343833,12.2938337554,11.597321632,12.3412717619,27.1996037875,23.8263363575,11.429717268,26.3188005295,10.0074875343,5.77436982582,7.62547256587,33.7554342467,6.33921445845,0.0,4.3136613955,4.99203190269,10.6397585523,32.9612168304,26.0287765704,27.0246496132,33.9490196186,39.6074811365,34.9845862544,37.6407558653,18.4894936835,34.7470665274,37.5763776087,12.0314821513,10.2430688646,4.75637822111,21.1226147588,8.06166841655,12.7654704203,10.780940672,6.98631307691,1.91149914306,7.11309607465,11.5468652999,21.9577533009,21.3689739705,19.9436489168,44.2653935307,33.01867726,35.3128469352,34.5020933841,37.4773584928,11.0134083296,36.8203271168,18.6570068788,39.7500801824,24.46755206,7.47892918982,6.16435544155,9.75601368134,32.0351859028,7.71939371302,13.6108091236,30.5503033583,27.492618346,35.9848764869,11.2210707864,45.2447201773,10.4266099846,4.23194946323,16.7643465906,15.619578987,21.2805642784,18.5825846418,19.2307408479,19.6692937581,20.6732699636,18.2051364339,23.6989257409,14.7469863852,14.8007647752,28.1507186105,21.3212227396,10.1448871052,20.5602883074,13.1232025829,3.84694011349,30.2788640203,0.39858733725,16.1851288013,12.3188946231,12.7900709278,17.8714794098,22.3935760158,14.1141663885,37.2675512842,42.512888539,37.7620813884,24.8542867594,21.8431978905,23.6819175475,25.8242806529,28.1501663658,28.5751217795,26.3993105509,29.1945904472,39.5333075212,17.5412874041,29.9774250888,42.9534106783,43.3088433121,12.3488821413,9.71438943,11.2148685997,41.4914056876,34.1778039106,29.3071379616,30.1203336618,24.2122554232,31.8977420945,29.0358015212,25.7585746202,23.820697621,31.7267899434,30.6796143461,34.5798556507,40.0581202954,41.2111555792,33.6806021766,36.6294816699,2.79879435336,3.29729162327,35.7590603701,34.434862382,15.8009106679,9.08370160123,6.38761912156,6.89584496974,7.53428916163,8.25404051701,2.65146825845,3.94787902348,31.8088734874,T016
T015,16.8310865893,9.08527498886,10.7900685146,14.0374639538,23.4524510675,20.9838373236,8.59426153962,22.3346259772,6.48307977593,6.70550162975,3.31496325039,30.4835338213,4.21268043857,4.3136613955,0.0,3.07372954766,6.73643294347,30.0520253913,23.5259287608,24.2214347987,31.192015293,36.4751660474,31.6758043638,34.0625889356,15.7902693581,31.4330883406,33.8283359906,13.179303849,12.3079151794,3.76053818374,19.3437031459,4.51141987882,11.319679667,10.258204543,5.52582615897,3.68616448636,4.60736211163,8.96393382858,20.05787998,19.14365509,17.596882993,40.9344360845,29.5625413756,31.6277525951,31.0797292565,34.8184193173,8.46317979041,33.931339342,16.8411210044,36.8648664112,20.8188095655,8.0506063535,6.13356987742,8.61015694334,28.9277465942,5.44015771658,13.0272043926,26.7915585373,24.5197625794,33.0079700928,11.0531753567,42.2951941399,11.2526376228,1.63316109143,14.1439528407,14.338060627,19.907003743,15.8711454654,16.0535232712,16.8444965167,18.4583745011,16.4808494074,19.8528041891,12.2117988656,12.664724381,24.3679003867,18.4487240194,6.37351265976,17.1594360416,10.6645835142,5.00988791842,27.4052776874,4.23499459393,14.6592981323,13.2035101165,9.62561680399,16.9598831721,19.8745670384,12.3949785694,34.7098545154,39.5400160287,35.2023022143,21.4231945594,18.4044354797,20.7097738587,22.6818372278,24.6638375811,24.7628088638,22.5812439048,25.8773687676,35.6808659519,16.705888735,26.3966154968,40.1670093119,40.4763779989,12.4370834794,8.29843148256,12.833592188,38.2790918821,31.6971417678,26.2045235639,27.7546083948,21.3544320629,29.3486362348,26.3889118767,21.793959036,19.7490181331,29.0288594603,27.1126102506,31.1302133482,37.4446519421,38.4835626395,30.7992988022,33.7755628428,5.43148918968,1.32222768805,32.682034308,30.9513970319,13.7854588202,7.84512249623,2.92095494846,5.66036939387,6.4451049472,5.35500474169,2.91195504331,5.14492144785,28.2612284195,T015
T014,15.0287851068,7.31328111434,7.74358261568,11.3194929854,22.3064697532,18.8821241002,6.44576123115,21.595093107,5.17650872723,4.11883057223,4.65500790221,28.7636523615,1.39458714035,4.99203190269,3.07372954766,0.0,6.09133871059,28.0138378028,21.1914680425,22.0952129147,29.0409051018,34.626438982,29.9925639716,32.6763591798,13.5662581664,29.7550787678,32.6663900344,10.2983885666,9.80441323165,6.6742221526,16.620644085,3.39399375881,8.41479249948,7.18677958758,2.49473788817,3.27216938166,2.12305525924,11.9043345153,17.3896700797,16.6321693047,15.1475666099,39.2733638613,28.0360390039,30.3808013126,29.5153162009,32.6029388007,6.0774972396,31.8805708277,14.1203237328,34.8132111087,19.5404607456,5.17809938481,3.22229398433,5.59078420851,27.054046822,8.49816938056,9.97020080711,25.6553399968,22.5275581075,31.0259663704,7.98252718196,40.2962137558,8.32753412623,1.4665284416,11.855432888,11.414752052,17.0417755434,13.6564790381,14.2388158978,14.7196992127,15.9382525845,13.7203697742,18.8741111323,9.85144529645,10.0643660763,23.2730086288,16.3657111736,5.48873492349,15.581220687,8.23848230272,3.06203872497,25.3367824453,4.6858283237,11.8130892767,10.2549813233,7.80268919898,13.9671895508,17.540449379,9.59880830054,32.4280224659,37.5583081808,32.9223203247,19.8739801649,16.8678583563,18.7124748677,20.836654655,23.1750836692,23.7124936922,21.5463282054,24.2030669009,34.6742327767,13.6983398418,25.0201061773,38.0443524333,38.387396558,9.37529498008,5.33591821491,10.11777418,36.5033621987,29.3635686131,24.3250983671,25.3462771213,19.2653344315,27.0545032145,24.1545718566,21.0185875104,19.2132973589,26.8335106352,25.7181877963,29.5957949522,35.2014657643,36.3181894525,28.7401002999,31.6979961474,4.31380806293,2.431445443,30.7835503995,29.4551397777,11.1335332863,4.83035771362,2.03665803387,2.59682268177,3.38112336381,3.27228136415,2.35238470946,3.15627452685,26.8421006056,T014
T151,10.4666011288,3.41643880214,9.23052149767,15.5077613386,16.716027699,14.8885284645,3.99617883001,15.6816992545,1.50920835367,9.45277418216,4.15125079914,23.9087602991,5.29558842064,10.6397585523,6.73643294347,6.09133871059,0.0,23.756771278,17.759112215,18.1007622795,25.0265107259,29.9691724362,25.0748570487,27.3446177603,10.0954478572,24.8299237954,27.0925228537,14.0061826695,14.609278426,9.92530015459,14.7528650781,2.69735856519,8.49059755192,9.35122181723,6.06330829653,9.22306991703,4.53837291366,11.7393572278,15.2419033758,13.9144479952,12.2893763164,34.3016148888,22.8921458637,24.8930930508,24.4212693764,28.7141423993,4.58769667562,27.6247243652,12.4040630558,30.5441817413,14.097392676,9.67299934936,8.11483430223,7.39131761709,22.4759538141,9.88592979418,11.2173959556,20.0555489631,18.2252854213,26.6338985485,10.4396588908,35.900307347,12.0659614377,6.41362389752,8.70805538,11.1078581608,15.8855762606,10.1533404286,9.7254871191,10.9154428677,13.2856631048,12.2265755984,13.1261524627,7.18297090763,8.26866930698,17.6330413635,12.393395628,0.702260551114,10.5924743086,6.12473438917,9.05663944861,21.1689607777,10.4240725827,10.968126824,13.6372667503,3.90850658422,13.9501145277,14.2088218422,8.7983428893,28.7058024798,33.1375032118,29.1916458457,14.7954791525,11.7950515809,14.4802712851,16.2571022773,17.9925744046,18.031886497,15.8503427253,19.2948280325,28.963388353,13.8501750815,19.6855073456,33.9125538096,34.181615999,11.8379398597,6.77781724795,14.4085977136,31.7164456241,25.805514134,19.7772732286,22.0531130771,15.2332362414,23.4155638381,20.3969836836,15.1255409006,13.1949524745,22.9451585503,20.4047031198,24.4594541319,31.3633911879,32.2897982159,24.5225280328,27.5002912666,10.4044689662,7.37601101342,26.2315212532,24.267036979,9.40500190431,6.90126652694,4.27284647098,6.40598043636,6.73027966575,3.4994546855,8.23530440314,9.12704566772,21.5578710495,T151
T080,13.2924223981,20.966817199,22.8272983374,28.7269769738,10.734113735,9.134881061,21.5882691293,13.9737366984,23.6070261174,28.5743590467,27.9075420651,3.88575844195,26.635765702,32.9612168304,30.0520253913,28.0138378028,23.756771278,0.0,7.54112051527,5.96613243597,1.83779994039,7.00536251043,4.70449021663,9.0808124731,14.4791730481,4.6586329262,11.2468926473,27.0472449966,29.8666650801,33.584452118,13.7967461527,25.5457862378,21.0086753716,23.8252713916,26.050930795,31.1058073069,25.9008257015,34.6999249613,12.7939227786,12.331495246,13.3796986239,12.2585255993,5.92607158913,9.38753913504,5.79266677113,5.30640591687,21.9490287421,3.87939602923,15.5577679554,6.81304938605,11.3799036679,27.3203987563,27.4617759833,23.8123879618,2.2354391943,33.575262665,21.9527601206,9.9113232909,5.53893612537,3.07563940083,24.1727090042,12.2836113884,26.5970053356,29.104546682,16.212217644,19.0835686142,15.1729674859,14.3840370434,14.0462589341,13.2946412893,12.9620254755,16.1314319339,13.5216975055,18.232627858,18.4200735088,10.7786906785,11.6490980614,23.8903676617,13.3108521445,19.8559736949,29.7201291001,2.68925762516,32.6211195509,18.1407172097,26.2360390417,20.4267260508,18.6693076634,10.8192648666,19.5106832934,5.72021084779,9.55656226554,6.11775822487,9.67302139912,12.2863984006,9.34230558597,7.56098318062,7.70991188779,11.0178807801,11.8631407832,5.66078862576,13.8606900388,19.0886052091,7.83799847241,10.1565758318,10.432149244,24.1555006094,23.6233783928,28.5222439983,9.10137782804,4.34334964807,4.18559620603,5.45681154571,8.7494932608,3.46311722811,4.4667192441,13.8908617587,16.0645860607,2.29064819239,7.48753569494,6.13863744477,7.89459159029,8.57871165673,0.785005535385,3.74429900587,31.3371186433,30.2116086128,3.24422715758,6.50323928737,17.635034451,24.2960895232,27.1525793317,26.2040495797,25.7103388941,24.853952427,30.3146949354,29.6925468336,7.06719197032,T080
T081,7.82017022214,14.5960757488,15.4135948387,21.1883640505,10.7669606755,3.35166735573,14.9318634496,13.5079004972,17.2938879331,21.3115795982,21.8141127527,10.0168155161,19.7971285297,26.0287765704,23.5259287608,21.1914680425,17.759112215,7.54112051527,0.0,2.37939863795,8.08745492548,14.5464642646,11.2576862356,15.3630775728,7.7536847193,11.0936008089,16.8258912774,19.5062121682,22.335465402,27.2018946891,6.28825836858,19.1109733839,13.6695611161,16.4112430023,19.0466960238,24.1358740972,19.1280654963,29.3142322433,5.29669490617,4.85140839344,6.10097029218,19.77290333,10.7884921912,14.4789207299,11.640882961,11.4693428858,15.1377612912,11.1452203092,8.04192869872,13.9942340471,9.38675646943,19.9717540515,20.2782744458,16.5739249185,7.64550848745,27.6226546475,14.4310541249,12.2236242226,3.7858350993,10.5872725741,16.6965527401,19.5199744888,19.0870342059,22.4032527393,9.38358166592,11.572982332,7.84898048014,7.67951661768,8.37507483243,6.84478025789,5.51534243639,8.61142831907,11.4596540279,11.3517397936,11.2530948822,11.4669709598,5.47515567557,17.7406238148,8.59180586458,12.9543523321,22.5987693258,5.02123100807,25.6694172588,10.6517445475,18.6950045243,14.048923941,11.1677282593,3.65557761438,12.1841809174,11.2403814719,16.8816792955,11.7348916828,7.34413147239,8.19518036081,4.19468283522,4.84478023953,8.35036280465,11.9699854569,11.3960145971,7.26348110053,19.4765941654,11.581995589,10.0521883258,17.0171568914,17.4227962888,16.6274253801,16.4526171978,20.9830413306,16.6383760413,8.17766989815,5.65594955991,4.29471507273,3.19594302912,5.86897231168,3.13669459965,13.1129450027,14.347504433,5.82263697456,10.2861228598,11.9054478301,14.0307595258,15.232088959,8.12137792282,10.8829545989,24.1957527796,23.5061648429,10.740774819,12.05582463,10.3461733517,17.119887237,20.6061747883,19.1610266121,18.5991100686,18.1920085398,23.4149677656,22.5584408095,10.7695539786,T081
T082,7.7055888371,15.1543734222,16.9151760151,23.0706543512,8.73474784289,3.23830036893,15.6945682716,11.6712356354,17.8284028434,22.6121536085,22.2323055894,7.85189909738,20.7113238714,27.0246496132,24.2214347987,22.0952129147,18.1007622795,5.96613243597,2.37939863795,0.0,6.97058297346,12.8598254492,9.12204908756,13.1006904574,8.53518906046,8.93974376613,14.4778587418,21.3418953359,24.0833384181,27.8120012556,8.37678576686,19.7329707268,15.0694374341,17.9111454945,20.0965264324,25.1608599465,19.9901128249,29.380337569,7.42658995239,6.56401229492,7.45725748991,17.9455046114,8.45052047279,12.115804372,9.37850581718,10.6223087689,16.0207693799,9.7993492418,9.7977116426,12.7261162315,7.79530260871,21.3749650957,21.4956663527,17.8500446697,5.56727785882,27.9794925056,16.1631190256,9.91691631548,1.41787352079,9.03115263682,18.3045426742,18.2316031417,20.7683956282,23.2185631717,10.2625669931,13.2836537324,10.0935206169,8.44252784692,8.40038534457,7.38874667634,7.14241296915,10.3751670136,9.98489819985,12.2825009928,12.4560610623,9.34295824588,5.77306924671,18.174087509,8.07909199368,13.906923505,23.7561334602,3.27800185559,26.6806037691,12.3121541592,20.5330390364,14.6087026676,13.2121338289,4.90358015403,13.5711305365,10.6132521969,15.5173765807,11.096330825,5.71862558123,7.35170763922,3.65712744199,3.0327066826,6.10511294489,9.81941007881,9.49250871435,4.89087317889,17.1207117,13.6134889299,7.71207229226,15.9583185398,16.2924964642,18.3757485695,17.6573836633,22.7845518133,14.8931799748,7.8250302187,3.3173813552,4.7881981665,2.87480601466,5.43261437271,2.43533618705,11.3387275912,12.857096501,4.84439789412,7.91960597021,9.62718427803,13.2669209905,14.2621316703,6.66341006999,9.60498625892,25.3723461382,24.3264229461,8.98440953148,9.75145528243,11.6906248998,18.3301092812,21.3082729775,20.2451649811,19.7457318909,18.9692370569,24.3822243219,23.7278144553,8.3902874214,T082
